-,train,Test
1,0.108,0.116
2,0.108,0.116
3,0.108,0.116
4,0.108,0.116
5,0.108,0.116
6,0.108,0.116
7,0.108,0.116
8,0.108,0.116
9,0.108,0.116
10,0.108,0.116
11,0.108,0.116
12,0.108,0.116
13,0.108,0.116
14,0.108,0.116
15,0.108,0.116
16,0.108,0.116
17,0.108,0.116
18,0.108,0.116
19,0.108,0.116
20,0.108,0.116
21,0.108,0.116
22,0.108,0.116
23,0.108,0.116
24,0.108,0.116
25,0.108,0.116
26,0.108,0.116
27,0.108,0.116
28,0.108,0.116
29,0.108,0.116
30,0.108,0.116
31,0.108,0.116
32,0.108,0.116
33,0.108,0.116
34,0.108,0.116
35,0.108,0.116
36,0.108,0.116
37,0.108,0.116
38,0.108,0.116
39,0.108,0.116
40,0.108,0.116
41,0.108,0.116
42,0.108,0.116
43,0.108,0.116
44,0.108,0.116
45,0.108,0.116
46,0.108,0.116
47,0.108,0.116
48,0.108,0.116
49,0.108,0.116
50,0.108,0.116
51,0.108,0.116
52,0.108,0.116
53,0.108,0.116
54,0.108,0.116
55,0.108,0.116
56,0.108,0.116
57,0.108,0.116
58,0.108,0.116
59,0.108,0.116
60,0.108,0.116
61,0.108,0.116
62,0.108,0.116
63,0.108,0.116
64,0.108,0.116
65,0.108,0.116
66,0.108,0.116
67,0.108,0.116
68,0.108,0.116
69,0.108,0.116
70,0.108,0.116
71,0.108,0.116
72,0.108,0.116
73,0.108,0.116
74,0.108,0.116
75,0.108,0.116
76,0.108,0.116
77,0.108,0.116
78,0.108,0.116
79,0.108,0.116
80,0.108,0.116
81,0.108,0.116
82,0.108,0.116
83,0.108,0.116
84,0.108,0.116
85,0.108,0.116
86,0.108,0.116
87,0.108,0.116
88,0.108,0.116
89,0.108,0.116
90,0.108,0.116
91,0.108,0.116
92,0.108,0.116
93,0.108,0.116
94,0.108,0.116
95,0.108,0.116
96,0.108,0.116
97,0.108,0.116
98,0.108,0.116
99,0.108,0.116
100,0.108,0.116
101,0.108,0.116
102,0.108,0.116
103,0.108,0.116
104,0.108,0.116
105,0.108,0.116
106,0.108,0.116
107,0.108,0.116
108,0.108,0.116
109,0.108,0.116
110,0.108,0.116
111,0.108,0.116
112,0.108,0.116
113,0.108,0.116
114,0.108,0.116
115,0.108,0.116
116,0.108,0.116
117,0.108,0.116
118,0.108,0.116
119,0.108,0.116
120,0.108,0.116
121,0.108,0.116
122,0.108,0.116
123,0.108,0.116
124,0.108,0.116
125,0.108,0.116
126,0.108,0.116
127,0.108,0.116
128,0.108,0.116
129,0.108,0.116
130,0.108,0.116
131,0.108,0.116
132,0.108,0.116
133,0.108,0.116
134,0.108,0.116
135,0.108,0.116
136,0.108,0.116
137,0.108,0.116
138,0.108,0.116
139,0.108,0.116
140,0.108,0.116
141,0.108,0.116
142,0.108,0.116
143,0.108,0.116
144,0.108,0.116
145,0.108,0.116
146,0.108,0.116
147,0.108,0.116
148,0.108,0.116
149,0.108,0.116
150,0.108,0.116
151,0.108,0.116
152,0.108,0.116
153,0.108,0.116
154,0.108,0.116
155,0.108,0.116
156,0.108,0.116
157,0.108,0.116
158,0.108,0.116
159,0.108,0.116
160,0.108,0.116
161,0.108,0.116
162,0.108,0.116
163,0.108,0.116
164,0.108,0.116
165,0.108,0.116
166,0.108,0.116
167,0.108,0.116
168,0.108,0.116
169,0.108,0.116
170,0.108,0.116
171,0.108,0.116
172,0.108,0.116
173,0.108,0.116
174,0.108,0.116
175,0.108,0.116
176,0.108,0.116
177,0.108,0.116
178,0.108,0.116
179,0.108,0.116
180,0.108,0.116
181,0.108,0.116
182,0.108,0.116
183,0.108,0.116
184,0.108,0.116
185,0.108,0.116
186,0.108,0.116
187,0.108,0.116
188,0.108,0.116
189,0.108,0.116
190,0.108,0.116
191,0.108,0.116
192,0.108,0.116
193,0.108,0.116
194,0.108,0.116
195,0.108,0.116
196,0.108,0.116
197,0.108,0.116
198,0.108,0.116
199,0.108,0.116
200,0.108,0.116
201,0.108,0.116
202,0.108,0.116
203,0.108,0.116
204,0.108,0.116
205,0.108,0.116
206,0.108,0.116
207,0.108,0.116
208,0.108,0.116
209,0.108,0.116
210,0.108,0.116
211,0.108,0.116
212,0.108,0.116
213,0.108,0.116
214,0.108,0.116
215,0.108,0.116
216,0.108,0.116
217,0.108,0.116
218,0.108,0.116
219,0.108,0.116
220,0.108,0.116
221,0.108,0.116
222,0.108,0.116
223,0.108,0.116
224,0.108,0.116
225,0.108,0.116
226,0.108,0.116
227,0.108,0.116
228,0.108,0.116
229,0.108,0.116
230,0.108,0.116
231,0.108,0.116
232,0.108,0.116
233,0.108,0.116
234,0.108,0.116
235,0.108,0.116
236,0.108,0.116
237,0.108,0.116
238,0.108,0.116
239,0.108,0.116
240,0.108,0.116
241,0.108,0.116
242,0.108,0.116
243,0.108,0.116
244,0.108,0.116
245,0.108,0.116
246,0.108,0.116
247,0.108,0.116
248,0.108,0.116
249,0.108,0.116
250,0.108,0.116
251,0.108,0.116
252,0.108,0.116
253,0.108,0.116
254,0.108,0.116
255,0.108,0.116
256,0.108,0.116
257,0.108,0.116
258,0.108,0.116
259,0.108,0.116
260,0.108,0.116
261,0.108,0.116
262,0.108,0.116
263,0.108,0.116
264,0.108,0.116
265,0.108,0.116
266,0.108,0.116
267,0.108,0.116
268,0.108,0.116
269,0.108,0.116
270,0.108,0.116
271,0.108,0.116
272,0.108,0.116
273,0.108,0.116
274,0.108,0.116
275,0.108,0.116
276,0.108,0.116
277,0.108,0.116
278,0.108,0.116
279,0.108,0.116
280,0.108,0.116
281,0.108,0.116
282,0.108,0.116
283,0.108,0.116
284,0.108,0.116
285,0.108,0.116
286,0.108,0.116
287,0.108,0.116
288,0.108,0.116
289,0.108,0.116
290,0.108,0.116
291,0.108,0.116
292,0.108,0.116
293,0.108,0.116
294,0.108,0.116
295,0.108,0.116
296,0.108,0.116
297,0.108,0.116
298,0.108,0.116
299,0.108,0.116
300,0.108,0.116
301,0.108,0.116
302,0.108,0.116
303,0.108,0.116
304,0.108,0.116
305,0.108,0.116
306,0.108,0.116
307,0.108,0.116
308,0.108,0.116
309,0.108,0.116
310,0.108,0.116
311,0.108,0.116
312,0.108,0.116
313,0.108,0.116
314,0.108,0.116
315,0.108,0.116
316,0.108,0.116
317,0.108,0.116
318,0.108,0.116
319,0.108,0.116
320,0.108,0.116
321,0.108,0.116
322,0.108,0.116
323,0.108,0.116
324,0.108,0.116
325,0.108,0.116
326,0.108,0.116
327,0.108,0.116
328,0.108,0.116
329,0.108,0.116
330,0.108,0.116
331,0.108,0.116
332,0.108,0.116
333,0.108,0.116
334,0.108,0.116
335,0.108,0.116
336,0.108,0.116
337,0.108,0.116
338,0.108,0.116
339,0.108,0.116
340,0.108,0.116
341,0.108,0.116
342,0.108,0.116
343,0.108,0.116
344,0.108,0.116
345,0.108,0.116
346,0.108,0.116
347,0.108,0.116
348,0.108,0.116
349,0.108,0.116
350,0.108,0.116
351,0.108,0.116
352,0.108,0.116
353,0.108,0.116
354,0.108,0.116
355,0.108,0.116
356,0.108,0.116
357,0.108,0.116
358,0.108,0.116
359,0.108,0.116
360,0.108,0.116
361,0.108,0.116
362,0.108,0.116
363,0.108,0.116
364,0.108,0.116
365,0.108,0.116
366,0.108,0.116
367,0.108,0.116
368,0.108,0.116
369,0.108,0.116
370,0.108,0.116
371,0.108,0.116
372,0.108,0.116
373,0.108,0.116
374,0.108,0.116
375,0.108,0.116
376,0.108,0.116
377,0.108,0.116
378,0.108,0.116
379,0.108,0.116
380,0.108,0.116
381,0.108,0.116
382,0.108,0.116
383,0.108,0.116
384,0.108,0.116
385,0.108,0.116
386,0.108,0.116
387,0.108,0.116
388,0.108,0.116
389,0.108,0.116
390,0.108,0.116
391,0.108,0.116
392,0.108,0.116
393,0.108,0.116
394,0.108,0.116
395,0.108,0.116
396,0.108,0.116
397,0.108,0.116
398,0.108,0.116
399,0.108,0.116
400,0.108,0.116
401,0.108,0.116
402,0.108,0.116
403,0.108,0.116
404,0.108,0.116
405,0.108,0.116
406,0.108,0.116
407,0.108,0.116
408,0.108,0.116
409,0.108,0.116
410,0.108,0.116
411,0.108,0.116
412,0.108,0.116
413,0.108,0.116
414,0.108,0.116
415,0.108,0.116
416,0.108,0.116
417,0.108,0.116
418,0.108,0.116
419,0.108,0.116
420,0.108,0.116
421,0.108,0.116
422,0.108,0.116
423,0.108,0.116
424,0.108,0.116
425,0.108,0.116
426,0.108,0.116
427,0.108,0.116
428,0.108,0.116
429,0.108,0.116
430,0.108,0.116
431,0.108,0.116
432,0.108,0.116
433,0.108,0.116
434,0.108,0.116
435,0.108,0.116
436,0.108,0.116
437,0.108,0.116
438,0.108,0.116
439,0.108,0.116
440,0.108,0.116
441,0.108,0.116
442,0.108,0.116
443,0.108,0.116
444,0.108,0.116
445,0.108,0.116
446,0.108,0.116
447,0.108,0.116
448,0.108,0.116
449,0.108,0.116
450,0.108,0.116
451,0.108,0.116
452,0.108,0.116
453,0.108,0.116
454,0.108,0.116
455,0.108,0.116
456,0.108,0.116
457,0.108,0.116
458,0.108,0.116
459,0.108,0.116
460,0.108,0.116
461,0.108,0.116
462,0.108,0.116
463,0.108,0.116
464,0.108,0.116
465,0.108,0.116
466,0.108,0.116
467,0.108,0.116
468,0.108,0.116
469,0.108,0.116
470,0.108,0.116
471,0.108,0.116
472,0.108,0.116
473,0.108,0.116
474,0.108,0.116
475,0.108,0.116
476,0.108,0.116
477,0.108,0.116
478,0.108,0.116
479,0.108,0.116
480,0.108,0.116
481,0.108,0.116
482,0.108,0.116
483,0.108,0.116
484,0.108,0.116
485,0.108,0.116
486,0.108,0.116
487,0.108,0.116
488,0.108,0.116
489,0.108,0.116
490,0.108,0.116
491,0.108,0.116
492,0.108,0.116
493,0.108,0.116
494,0.108,0.116
495,0.108,0.116
496,0.108,0.116
497,0.108,0.116
498,0.108,0.116
499,0.108,0.116
